SpriteSheet:
  Texture: 8181227750157294016
  Sprites:
    - Min: [0.496936232, 0.58044529]
      Max: [0.551941276, 0.637854338]
    - Min: [0.436904013, 0.195777565]
      Max: [0.634160757, 0.381421208]