SpriteSheet:
  Texture: 6214596605581812600
  Sprites:
    - Min: [0.00529298792, 0.906987011]
      Max: [0.0958126038, 0.994706988]
    - Min: [0.0993243456, 0.902129769]
      Max: [0.200497463, 0.99572295]
    - Min: [0.404123843, 0.899407387]
      Max: [0.497386307, 0.997581482]
    - Min: [0.204373688, 0.902853787]
      Max: [0.301994562, 1.00170267]