SpriteSheet:
  Texture: 2452532763512065933
  Sprites:
    - Min: [0.425491691, 0.18818593]
      Max: [0.454903454, 0.816551805]
    - Min: [0.131245553, 0.249709159]
      Max: [0.160657316, 0.749709129]
    - Min: [0.0732842311, 0.244078621]
      Max: [0.102696002, 0.744078636]
    - Min: [0.0147126419, 0.250005513]
      Max: [0.0441244058, 0.750005484]