SpriteSheet:
  Texture: 3934599823597170524
  Sprites:
    - Min: [0.0544041395, 0.818477929]
      Max: [0.188370854, 0.978603244]
    - Min: [0.00848791841, 0.0132773221]
      Max: [0.991733551, 0.243229061]