SpriteSheet:
  Texture: 17206187017932678793
  Sprites:
    - Min: [0.352707267, 0.0538226962]
      Max: [0.574356556, 0.525627911]
    - Min: [0.0382729769, 0.0559962355]
      Max: [0.259922266, 0.527801454]