SpriteSheet:
  Texture: 6853883006132539411
  Sprites:
    - Position: [185.314468, 41.0732803]
      Size: [23.5002308, 23.2099438]
      Min: [0.584748209, 0.519185126]
      Max: [0.596222937, 0.534295738]
    - Position: [50.6894989, -15.9040489]
      Size: [24.5103531, 28.3346386]
      Min: [0.518766761, 0.480422288]
      Max: [0.530734658, 0.4988693]
    - Position: [81.2928925, 16.4005165]
      Size: [32.0683632, 29.2344017]
      Min: [0.531864583, 0.501161039]
      Max: [0.547522962, 0.520193815]
    - Position: [-12.9351997, -16.2861767]
      Size: [24.5103531, 28.3346386]
      Min: [0.487700015, 0.480173498]
      Max: [0.499667943, 0.49862051]