SpriteSheet:
  Texture: 6853883006132539411
  Sprites:
    - Position: [81.2928925, 16.4005165]
      Size: [32.0683632, 29.2344017]
      Min: [0.531864583, 0.501161039]
      Max: [0.547522962, 0.520193815]
    - Position: [-12.7441359, -15.9040461]
      Size: [24.5103531, 28.3346386]
      Min: [0.487793297, 0.480422288]
      Max: [0.499761224, 0.4988693]