SpriteSheet:
  Texture: 6853883006132539411
  Sprites:
    - Min: [0.570090711, 0.520225763]
      Max: [0.578461349, 0.531867921]
    - Min: [0.517513454, 0.480692506]
      Max: [0.531159461, 0.49967882]