SpriteSheet:
  Texture: 12368061447856671797
  Sprites:
    - Position: [0, 9]
      Size: [16, 16]
      Min: [0, 0.899999976]
      Max: [0.100000001, 1]
    - Position: [1, 9]
      Size: [16, 16]
      Min: [0.100000001, 0.899999976]
      Max: [0.200000003, 1]